21
1.05
2.26    1.4
1.78    0.87    0.55
1.78    0.87    0.55    0.01
1.78    0.87    0.55    0.01    0
2.26    1.3     0.45    0.51    0.5     0.5
2.09    1.17    0.33    0.37    0.38    0.38    0.4
1.95    1.02    0.46    0.19    0.19    0.19    0.34    0.31
2.4     1.41    0.57    0.68    0.68    0.68    0.29    0.46    0.53
2.4     1.41    0.57    0.68    0.68    0.68    0.27    0.47    0.53    0.03
2.09    1.16    0.82    0.73    0.74    0.74    0.82    0.55    0.76    0.71    0.74
2.16    1.32    0.73    0.79    0.8     0.8     0.9     0.53    0.81    0.81    0.84    0.38 
1.09    1.08    1.89    1.54    1.55    1.55    1.99    1.67    1.7     2.03    2.05    1.49    1.48
2.63    2.32    2.6     2.46    2.47    2.47    2.72    2.37    2.57    2.6     2.63    1.93    1.91    1.62
1.85    1.29    1.69    1.45    1.46    1.46    1.74    1.42    1.56    1.66    1.68    0.99    1.05    0.93    1.09
2.11    1.28    1.24    1.11    1.12    1.12    1.24    0.96    1.15    1.09    1.12    0.49    0.6     1.35    1.58    0.65
4.03    3.91    4.29    4.16    4.17    4.17    4.4     4.07    4.26    4.27    4.29    3.61    3.61    3.15    1.72    2.76    3.24
4.72    4.62    4.85    4.78    4.79    4.79    5.01    4.66    4.88    4.87    4.9     4.22    4.17    3.78    2.34    3.42    3.87    0.93
5.49    5.53    5.93    5.8     5.82    5.82    6.07    5.72    5.91    5.94    5.97    5.28    5.25    4.67    3.37    4.41    4.92    1.72    1.25
6.53    6.53    6.88    6.78    6.79    6.79    7.01    6.68    6.88    6.87    6.9     6.22    6.2     5.7     4.33    5.39    5.86    2.65    2.09    1.06
