21
0.03
0.64    0.61
0.28    0.25    0.36
0.3     0.27    0.34    0.02
0.36    0.33    0.28    0.08    0.06
0.18    0.15    0.46    0.1     0.12    0.18
0.28    0.25    0.36    0       0.02    0.08    0.1
0.35    0.32    0.29    0.07    0.05    0.01    0.17    0.07
1       0.97    0.36    0.72    0.7     0.64    0.82    0.72    0.65
0.93    0.9     0.29    0.65    0.63    0.57    0.75    0.65    0.58    0.09 
0.6     0.57    0.04    0.32    0.3     0.24    0.42    0.32    0.25    0.4     0.33
0.61    0.58    0.03    0.33    0.31    0.25    0.43    0.33    0.26    0.39    0.32    0.01
0.91    0.88    0.27    0.63    0.61    0.55    0.73    0.63    0.56    0.09    0.03    0.31    0.3
0.81    0.78    0.17    0.53    0.51    0.45    0.63    0.53    0.46    0.19    0.12    0.21    0.2     0.1
0.58    0.55    0.09    0.3     0.28    0.22    0.4     0.3     0.23    0.44    0.35    0.05    0.06    0.36    0.26
0.63    0.6     0.05    0.35    0.33    0.27    0.45    0.35    0.28    0.4     0.31    0.04    0.04    0.32    0.22    0.05
0.84    0.81    0.2     0.56    0.54    0.48    0.66    0.56    0.49    0.16    0.09    0.24    0.23    0.07    0.03    0.29    0.25
0.96    0.93    0.32    0.68    0.66    0.6     0.78    0.68    0.61    0.04    0.06    0.36    0.35    0.05    0.15    0.41    0.37    0.12
0.99    0.96    0.35    0.71    0.69    0.63    0.81    0.71    0.64    0.01    0.09    0.39    0.38    0.08    0.18    0.44    0.4     0.15    0.03
0.96    0.93    0.32    0.68    0.66    0.6     0.78    0.68    0.61    0.04    0.06    0.36    0.35    0.05    0.15    0.41    0.37    0.12    0       0.03
