21
0.07
7.37    7.36
7.64    7.63    0.3
7.66    7.65    0.3     0.08
7.68    7.67    0.34    0.04    0.1 
7.81    7.79    0.71    0.47    0.53    0.43
8.07    8.05    0.8     0.5     0.53    0.46    0.31 
10.13   10.11   3.01    2.7     2.72    2.66    2.39    2.2
13.97   13.94   7.46    7.16    7.2     7.12    6.77    6.66    4.56
13.98   13.95   7.47    7.18    7.21    7.14    6.79    6.68    4.57    0.01
7.86    7.84    1.11    0.9     0.97    0.87    0.44    0.66    2.27    6.5     6.52 
10.14   10.12   3.09    2.78    2.81    2.74    2.45    2.28    0.21    4.43    4.44    2.29
5.36    5.34    2.33    2.53    2.57    2.55    2.55    2.85    4.78    8.71    8.73    2.53    4.78
7.93    7.89    2.65    2.52    2.6     2.5     2.1     2.31    2.87    6.04    6.06    1.66    2.76    2.75
8.19    8.16    2.6     2.44    2.51    2.41    1.99    2.17    2.55    5.78    5.8     1.55    2.44    2.96    0.32
8.25    8.22    2.35    2.17    2.24    2.14    1.71    1.87    2.3     5.76    5.78    1.27    2.21    2.95    0.58    0.32
8.88    8.84    3.2     3       3.07    2.97    2.54    2.65    2.39    5.09    5.11    2.1     2.23    3.69    0.95    0.74    0.87
9.46    9.43    3.71    3.49    3.55    3.45    3.02    3.09    2.36    4.51    4.53    2.6     2.18    4.3     1.56    1.34    1.44    0.61 
7.4     7.36    2.74    2.67    2.74    2.65    2.3     2.56    3.41    6.58    6.59    1.9     3.32    2.34    0.58    0.9     1.11    1.49    2.07 
8.18    8.15    3.18    3.04    3.12    3.02    2.61    2.8     3.07    5.81    5.83    2.17    2.94    3.15    0.53    0.65    0.97    0.8     1.31    0.81
